-8507.184588
-8752.397549
-9480.515595
-8443.029113
-8482.946689
-8346.192545
-7886.633751
-8009.118945
-7780.198150
-7533.686325
-7581.039021
-6435.925626
-7296.612654
-6851.576491
-5944.857873
-6522.385706
-6024.429302
-6556.732973
-5713.668090
-5744.461151
-5404.342008
-5247.142046
-5269.664579
-5159.424209
-4888.483183
-5270.819667
-4750.174600
-4964.160978
-4777.356191
-4837.351238
-4934.455376
-4602.757466
-4912.553257
-4797.898666
-4774.074519
-4692.102777
-4430.452715
-4498.614603
-4329.705022
-4536.627498
-3854.586344
-3758.754478
-4000.807163
-3900.867376
-3796.443771
-3660.668775
-3620.048273
-3690.397982
-2347.293344
-1976.917831
-1754.102682
-2316.708702
-2624.755942
-2599.964523
-2436.692386
-1897.662641
-1882.942298
-1559.237747
-1589.185531
-1487.891575
-1368.090766
-1367.678033
-1266.189092
-1120.205359
-1079.834038
-1088.738569
-1010.642681
-1026.997878
-964.347707
-905.330457
-962.078847
-1021.484733
-797.835809
-805.219294
-992.289174
-827.058704
-746.579127
-743.956109
-789.358877
-743.548329
-667.240018
-647.025096
-739.124035
-796.015938
-1734.986461
-849.032946
-696.341803
-784.857012
-700.235543
-817.201024
-1890.812919
-806.215917
-796.626131
-739.309008
-753.324335
-781.153918
-772.150594
-835.964413
-753.753943
-797.258910
-842.684476
-848.902011
-908.509075
-956.449981
-830.898816
-819.888732
-841.106233
-720.523078
-781.350152
-718.894122
-765.042655
-656.611661
-671.026501
-657.400600
-640.852984
-647.859228
-735.012445
-748.366624
-694.442643
-754.653883
-666.185441
-674.497763
-650.764395
-673.873464
-708.118088
-648.868491
-666.154808
-679.822517
-627.948407
-707.756787
-674.061080
-660.216748
-688.171052
-604.100316
-626.361550
-633.135422
-603.758314
-637.310925
-655.251446
-657.003755
-635.243650
-623.235037
-625.004710
-634.869824
-652.580372
-615.281593
-623.783244
-587.607027
-612.774008
-591.798269
-579.631432
-592.415197
-563.752632
-584.855422
-569.146264
-579.778929
-568.436278
-561.736860
-597.452993
-584.815730
-523.190121
-546.728746
-557.306946
-573.627491
-568.431032
-542.993870
-529.605413
-526.215181
-571.264987
-544.834418
-549.888441
-532.150238
-536.194496
-523.044471
-518.581372
-503.300405
-536.058392
-556.990646
-496.965632
-518.695362
-527.665955
-489.195035
-507.796714
-506.848455
-515.964758
-510.423523
-516.491903
-506.006374
-594.392347
-517.478308
-543.493352
-499.318711
-510.767042
-591.311269
-577.749607
-534.254332
-609.045285
-517.439515
-552.263343
-568.966145
-655.712688
-505.604951
-579.375205
-518.029550
-529.144585
-474.150754
-534.649914
-524.428385
-559.565719
-498.424522
-504.767201
-556.200653
-463.328387
-553.837173
-501.078487
-500.190846
-478.381171
-514.258473
-552.665315
-585.641483
-550.597273
-553.874689
-587.525517
-591.885042
-529.035425
-517.126403
-606.758383
-571.659334
-545.649599
-496.653634
-503.278750
-460.016813
-472.410244
-492.203293
-545.117587
-527.080440
-500.645735
-463.124456
-568.175105
-470.097315
-515.860011
-549.667391
-470.861271
-491.189007
-484.560757
-510.424903
-576.306768
-509.279534
-441.940274
-496.112366
-521.148759
-538.388723
-584.523325
-475.677011
-526.490697
-482.755455
-570.130544
-548.674822
-452.195059
-515.679019
-488.751080
-467.399944
-539.139897
-502.253543
-456.380022
-504.179177
-493.670656
-481.937807
-541.906876
-534.238992
-519.419748
-500.521048
-609.258788
-566.551113
-524.228664
-556.108459
-535.969304
-620.188558
-537.105248
-537.191284
-558.872796
-570.633678
-567.864065
-603.669609
-558.598744
-571.105090
-562.257156
-588.093656
-524.253667
-556.500946
-603.009594
-562.363989
-585.047813
-548.146231
-546.187559
-583.108332
-540.695163
-573.196404
-542.451325
-487.269192
-598.475556
-564.640758
-503.977328
-503.525272
-523.034853
-499.448044
-541.204061
-502.028577
-530.130620
-500.686236
-453.298639
-513.731668
-474.773939
-562.110935
-458.801297
-472.103500
-482.430857
-470.994890
-455.099530
-419.018263
-462.189796
-488.220904
-474.129814
-447.123970
-444.957813
-423.759078
-445.595194
-424.697967
-427.922141
-443.761066
-463.581991
-436.812997
-390.864912
-428.881154
-437.628205
-418.754379
-427.415041
-435.958162
-403.094497
-431.867125
-411.812858
-386.407098
-383.027917
-431.497170
-444.052468
-435.972238
-375.245225
-378.946520
-428.723174
-400.633586
-378.692934
-403.278917
-408.504551
-379.700668
-430.981926
-366.069463
-404.269658
-397.649270
-387.975968
-412.552169
-333.021055
-407.191764
-399.770063
-343.607622
-375.065326
-371.612304
-388.403844
-427.400230
-359.011045
-358.461394
-387.742052
-396.209369
-348.842412
-392.955544
-415.644274
-405.096115
-383.363267
-376.337411
-357.940856
-374.673531
-355.648752
-371.017801
-352.109386
-341.097845
-368.906291
-379.320670
-360.049201
-389.877241
-374.637026
-356.128570
-333.807873
-368.725785
-377.353673
-372.436027
-313.207282
-359.593289
-391.468696
-371.215619
-322.204195
-346.397694
-389.893569
-351.176200
-362.915567
-331.305107
-362.310822
-349.356262
-342.553077
-349.897040
-368.686205
-330.796736
-306.711632
-356.190215
-358.758176
-364.304538
-362.995139
-392.692891
-374.799763
-358.193300
-330.097995
-362.107567
-337.551150
-374.960497
-337.280509
-366.510151
-347.003502
-364.153949
-351.232529
-360.884119
-326.207279
-327.542161
-332.360176
-298.296415
-338.719535
-329.582083
-305.766976
-318.069190
-334.629342
-382.081876
-324.867995
-344.779562
-359.692701
-320.222251
-358.456167
-351.675099
-317.403837
-329.929639
-327.992600
-350.311680
-345.088619
-290.985650
-362.480481
-338.992044
-374.225967
-339.196198
-326.286205
-363.648179
-410.729466
-325.920111
-373.615860
-340.058834
-356.015658
-329.786626
-361.506349
-343.701957
-342.857626
-390.002776
-374.274152
-367.090887
-355.716319
-368.673560
-370.014687
-330.874701
-328.142340
-351.148470
-296.568845
-344.110225
-305.789996
-316.820930
-317.772435
-305.809744
-339.878070
-326.072318
-329.413449
-295.297145
-285.136034
-359.547855
-328.362542
-313.631437
-296.530092
-334.823459
-314.271884
-292.723872
-330.863547
-303.414985
-308.009426
-301.810261
-292.173295
-305.607834
-288.872519
-342.365695
-263.078612
-294.635379
-300.764855
-333.689265
-283.791419
-289.061619
-310.570774
-269.391623
-289.770880
-291.886080
-288.819622
-312.198248
-280.785673
-321.377774
-273.876010
-308.628979
-301.424475
-305.072881
-280.998240
-267.032404
-304.407537
-315.688527
-283.891542
-284.568937
-287.865611
-317.925178
-303.454420
-276.025410
-278.381440
-302.674591
-279.961772
-289.345903
-312.084148
-308.364401
-292.640490
-331.608295
-292.231867
-293.073844
-282.037021
-302.630812
-294.049710
-277.040687
-312.430330
-305.732226
-313.018845
-275.966267
-265.266085
-290.891049
-249.145715
-278.536763
-293.451658
-289.174284
-256.757840
-288.174555
-292.851474
-291.062403
-295.600228
-297.338174
-301.231445
-264.217706
-316.762204
-291.569497
-274.203637
-298.031802
-260.215105
-263.591335
