-873.154328
-1905.153541
12.490482
-564.898582
-590.834521
-426.209717
-716.942287
-671.501641
-849.552886
-472.586184
-663.063632
677.302515
191.432137
1734.209227
-500.820490
-259.344385
-604.973531
2751.926630
372.416694
539.941195
329.529862
560.093180
676.813014
-676.619672
287.192337
-75.362066
-499.583772
-368.198865
48.142162
812.955047
-623.038810
-375.996388
-214.938262
362.630504
108.959313
-38.215635
357.403098
-203.341178
373.892463
433.585285
159.494769
236.021499
-31.447111
505.485385
614.351995
586.489239
576.051052
376.690249
-351.261587
336.462806
2899.707740
-125.026944
619.183231
-199.200313
466.919694
561.385413
782.642327
132.652900
-61.597950
392.895694
349.344885
-619.291813
431.898205
781.942848
2479.006115
649.172760
603.535572
610.379066
614.627671
626.083070
107.095415
634.239196
500.520760
27.099697
217.480934
620.956258
625.527358
613.233208
454.922624
577.097664
-615.042573
25.072448
587.128894
2161.434260
256.040392
541.011908
628.278162
583.704237
623.067071
475.183838
3553.623601
2359.290571
-45.960620
480.936695
719.802224
530.655196
635.958251
365.193788
593.570167
683.165756
560.479656
331.699810
663.113212
609.366406
407.911707
577.161735
587.406783
572.345397
653.168237
609.547717
499.281409
635.417957
544.888484
2581.223128
637.714828
604.259842
698.648043
610.816731
637.662929
618.797692
469.356568
607.484882
623.023826
541.821390
739.344876
608.590169
546.249251
723.493239
537.925236
479.032579
-90.654123
625.345577
630.613944
603.261520
623.610868
623.088697
609.991494
609.763867
649.588129
634.785803
621.221186
598.403306
499.794250
-206.946879
364.459876
634.849118
602.831482
613.764483
661.791381
578.722545
634.284299
754.907360
527.341000
730.515131
564.311391
631.760587
621.379847
615.802309
682.525507
596.657441
611.814379
596.972505
590.099404
620.237039
627.665724
-22.535666
161.877589
606.193265
615.556863
599.786389
688.702569
603.649317
604.003732
573.828703
360.586436
632.793282
657.287496
655.919810
635.172622
102.919034
531.594823
451.205951
625.388021
622.313510
760.780579
610.916291
463.711225
600.234539
-102.718508
581.709526
630.699989
618.467577
456.078893
632.397720
602.429230
612.476284
600.264394
630.508464
630.969257
628.470012
563.434185
594.343609
655.056911
-279.061380
621.148438
588.863017
542.671946
-3.731404
581.105995
622.669257
149.447622
125.628507
602.547721
632.093453
554.504771
606.677446
610.447175
647.261509
765.379583
665.988866
514.047846
496.283666
648.305911
996.902537
617.335481
665.253664
674.254465
638.076516
610.840537
622.870203
633.720023
624.074654
620.591574
610.450378
616.015449
590.560723
605.393510
657.596123
718.545022
616.874988
741.946145
597.265057
576.405034
607.442162
610.073890
652.678139
612.829398
607.754189
584.603431
642.602960
310.680200
628.031310
649.526487
552.733296
633.576986
632.698419
579.337323
638.235879
577.754636
538.788423
610.036256
635.290713
654.010552
567.229615
657.762383
647.659927
615.555018
576.506418
600.173508
563.527595
610.299893
633.877435
616.695402
661.495388
569.156655
732.493700
571.380369
620.232173
636.861539
602.642071
612.855196
626.248156
622.500905
593.581068
578.232847
586.934394
653.533534
660.723633
438.371180
585.504156
597.173166
615.857248
641.447785
548.497430
679.286553
669.761705
622.999140
597.318861
628.282250
622.832084
600.746675
561.295508
572.723242
575.472353
623.344296
3724.689122
585.509257
629.310090
655.819103
652.437643
628.553629
622.821618
582.486101
617.028861
652.973405
631.815941
602.605986
583.024678
655.691631
311.003686
512.314490
559.034882
623.803383
647.093155
639.637008
637.550845
689.608492
585.290156
551.305073
582.758300
584.282823
-158.937847
599.992701
644.151513
606.124772
-244.701093
464.817042
588.717049
627.008046
-149.531797
633.626107
611.925879
580.953152
617.167760
646.035839
621.523512
604.726736
579.416408
639.399377
621.450095
577.638845
630.933014
574.783487
551.301769
631.712673
546.850787
652.736773
493.669166
561.741691
327.853677
627.382400
-198.733504
604.117002
562.714000
598.071636
564.870830
669.682157
663.179364
644.942470
555.667649
715.337310
612.063281
559.125118
607.038625
639.251252
534.392254
625.698246
620.802533
602.518180
647.905266
615.633782
658.308607
591.913660
426.478626
626.163730
779.574038
851.791036
589.668453
649.710080
612.176829
558.352477
376.043437
651.292692
524.147624
423.817461
632.897616
602.619695
634.322479
638.056040
2502.601432
2272.685417
568.170781
619.899332
663.233553
585.401686
644.924528
646.279852
609.674935
655.932005
578.907188
574.069097
354.122717
540.048394
634.080387
641.599166
619.743661
582.794570
2018.568864
4091.025819
612.924843
615.926985
663.507139
3670.542300
3549.606777
602.543138
520.822799
2997.564313
764.705837
3812.941635
3945.549179
4892.344945
3623.912950
640.952043
445.047987
654.145772
636.351784
398.076462
697.703680
769.357875
630.948958
599.376224
624.419591
723.399413
578.614690
592.699148
662.174471
477.489323
637.876165
227.845337
4420.499902
5177.101434
609.339873
563.550328
768.494330
100.720908
694.706751
625.157596
435.434177
3822.274865
713.786257
623.835341
674.274871
602.120017
598.266276
542.007604
713.624789
2622.648614
626.341613
640.399854
5943.577987
696.290865
630.083274
625.245001
3139.779865
581.723099
682.789549
792.017189
649.844362
3212.493805
30.345968
541.584249
585.325477
557.556747
631.636232
611.552723
612.811418
614.090170
636.424508
4158.947787
608.792700
5013.293615
642.867006
687.873976
548.070376
624.727921
484.370118
2335.014202
737.702841
4196.495991
3832.115936
4022.107336
5693.325990
639.664705
3108.976859
464.796511
610.754236
652.161979
801.156661
597.715999
3438.728331
647.941951
593.464102
636.905648
587.787930
677.112885
620.485378
576.460581
645.491672
575.541497
719.844283
761.329569
770.247311
649.424360
481.855881
585.840641
625.933069
538.461898
640.586459
632.881570
4197.881710
639.515873
3994.575999
478.205691
596.484945
366.224810
402.083785
420.439625
533.969536
536.535661
805.852499
3835.750846
986.985597
579.942276
622.216076
614.751985
568.746970
3954.344765
627.658111
3872.552492
646.637521
4830.946923
599.738575
582.428921
4103.115791
4475.060397
720.253078
528.992425
697.988132
656.490833
564.227257
520.368702
896.551994
624.849380
605.447813
625.272396
655.148451
556.548151
3421.116125
628.105955
3656.716388
581.868244
429.814083
636.864195
595.236604
612.962464
579.485319
592.465240
599.575775
626.818314
4167.196343
772.134227
627.204074
4852.430800
615.607489
609.697913
526.475047
553.382561
3021.068457
572.317465
4638.166844
390.665707
667.678398
5550.947690
661.093608
341.304875
463.285209
4396.950585
143.879977
646.374947
407.126055
5303.371354
646.727076
397.296500
4392.498581
3998.697567
667.218953
689.746680
3908.380715
605.651779
746.643312
257.571614
603.764026
5646.680045
3239.467014
609.126768
4822.560047
3149.850277
3639.002057
3323.525625
3750.914710
2140.452695
3182.110424
5623.386238
3219.264868
616.768200
638.488913
546.147956
3924.338320
628.941537
618.087515
5196.159600
3878.195824
643.174587
629.316063
587.327042
576.330208
814.645533
5920.830412
745.768994
4452.519388
5991.830679
568.455839
656.691847
5916.679529
382.249250
907.624996
5756.905462
588.849147
5850.434520
2484.839436
4474.605428
5498.273654
6150.487393
920.843220
6144.069945
5560.874774
734.497567
5080.051788
540.371929
4413.280921
389.483008
618.708126
720.632788
706.525833
2401.470037
708.552289
567.499964
2834.765853
3656.648804
3551.421042
430.189975
1718.359080
581.197577
5357.773740
2839.336728
813.530209
303.222361
508.187576
711.970612
495.404896
613.894454
-199.253384
603.262729
2568.078825
656.076793
511.875547
5643.546750
5764.000977
803.200108
5460.410098
619.855990
5458.790777
587.946024
3976.347800
450.193355
633.117205
6255.809582
5895.510394
6230.893015
5740.113899
668.896991
668.263221
5429.523075
4945.122826
4879.116903
725.250010
639.239897
5335.763530
6348.596303
5249.184415
2331.522783
774.190728
2692.141957
5408.358361
5917.445254
5576.815091
570.981421
6137.504855
575.075930
5871.953735
4580.876613
5287.627128
5573.222957
694.678617
565.780155
5838.311258
688.460454
5217.188870
5344.067710
5591.254899
2940.391489
806.290454
3985.530067
616.768733
4779.280310
623.282331
5045.334077
5987.284730
880.865606
631.834636
661.548353
5674.367587
648.206592
2727.181760
616.163103
5008.454481
5858.544582
672.934225
5752.394009
501.749192
5764.193689
600.706699
788.930651
5805.471778
5596.525760
5834.536474
5774.598572
5714.239822
5682.977531
5973.913320
5120.981747
3914.877690
5822.018306
550.035198
6074.377802
1557.692574
744.235519
5939.986412
3829.489433
665.366776
722.927292
2117.100529
928.447516
6393.272021
6292.737063
2802.667541
3625.140433
6115.931928
5288.406422
665.788021
6122.708119
6134.062026
6053.772014
5074.860711
812.272163
4956.392852
5884.692931
721.159425
569.391154
6023.416655
520.463978
5915.888112
699.014962
664.427353
6256.116342
2391.752429
1150.195242
5710.186447
618.813620
5725.777867
6013.976992
663.096582
5248.223882
5560.507977
920.850100
6065.962244
5210.675971
499.703758
5963.159789
3347.659456
871.087936
6029.841673
3683.208206
1423.215175
5931.005250
6127.002015
6388.038193
5706.521330
6068.546249
6089.413421
691.707920
586.384027
5908.523431
5944.355340
6247.100620
5972.319252
954.975913
5243.051591
5948.319247
6250.429114
6387.936391
6176.565729
5977.986088
1580.742051
5991.028617
6113.479307
6046.996908
5985.247365
6149.333984
5799.719148
6107.260890
5887.149445
5889.690508
6234.992905
5870.886330
5761.837363
6282.285809
5476.280213
6158.838730
5413.300413
6125.122896
5917.265172
2692.504832
2726.995001
2634.510289
6387.694687
2041.223735
5238.594167
628.836262
563.341708
522.263941
1819.094080
6132.763970
758.559224
887.129433
809.043441
3084.190790
6338.078333
628.031246
714.138066
615.743102
5875.702661
3097.933564
765.147849
5971.037725
518.574693
416.744027
5777.370675
5684.010122
6196.569689
558.257500
5386.260453
996.954150
6232.146128
6214.624961
6389.941470
6207.519438
2676.490202
4898.594985
5698.642420
5006.911853
585.149559
369.603836
5600.364198
806.337660
578.008029
540.468534
5687.952664
6208.751974
6267.356668
6169.240772
6043.071139
6311.793586
6286.907285
6165.901817
6332.513254
6300.381700
785.134590
6225.679555
6361.251039
6230.254899
591.982313
6073.284603
6171.414465
6343.575578
2372.085234
6044.944640
899.406964
6134.825480
6389.548120
6298.078411
543.809014
5636.189872
6301.954133
6386.685495
2291.205015
6313.842796
3066.514823
5210.473368
6186.911334
6321.760369
5257.716486
6319.138796
624.997025
6372.315891
6004.553328
6324.170727
6393.582231
5199.185766
790.752082
4580.600307
5043.553191
6240.993610
5594.810936
6330.827647
6180.711846
6099.143557
645.095071
3411.385193
5220.752645
6282.847956
6253.970387
564.105808
6289.233192
685.884566
6331.322436
3047.067304
816.362336
5714.411519
635.461230
6388.843934
6329.579739
6222.043387
663.394225
5576.766579
6385.001094
6263.019645
6304.307804
1036.071587
6380.435697
6099.659646
6273.608194
640.529585
6013.015226
3022.012866
1026.019375
2868.721513
833.265796
6393.738711
6312.064591
721.856809
6338.432631
6166.584132
6323.988042
6014.997114
5934.193173
6381.219757
6187.875094
