-509.313130
-727.757657
-59.284841
-607.169979
-49.358764
-438.090544
-370.135301
-439.442461
-276.752167
-313.269813
-113.635831
-50.612291
-258.653494
-439.480422
-526.413160
-421.726904
-598.053754
-532.389498
-520.839793
-361.150088
-571.803069
-284.584530
-557.712989
-517.467775
-371.863607
-737.629181
-626.767670
-642.304675
-21.183283
487.565168
37.822377
568.334873
519.158283
566.257309
570.816529
543.083263
566.390072
568.653481
574.801227
570.633818
575.928614
570.513107
577.585226
573.096401
578.992037
573.478448
579.582761
570.131282
577.722919
574.291441
570.637166
574.627487
573.325212
576.782586
572.029087
569.961057
569.930222
574.823189
573.549275
567.996564
595.452013
569.527880
1417.860150
1480.232299
610.648005
659.750696
739.428605
661.590989
751.398418
667.051617
2015.720025
794.732440
852.203864
2234.129486
2568.770180
2870.659894
2644.770296
675.432132
860.020839
717.187522
896.115237
776.245002
792.489515
651.186862
711.625394
749.805998
704.650270
643.529652
1005.549220
635.879478
1031.487917
842.441193
987.208243
4121.307302
4100.808414
4103.081489
3052.091090
3245.138368
927.686025
887.510438
864.681844
880.593556
889.138769
899.637617
899.830554
874.805502
888.213353
3205.869330
3272.621056
3229.452798
5438.640691
5300.753574
4263.265003
4299.091803
6386.970760
4357.340831
6374.355891
6388.517497
4390.641899
4475.892426
4454.073579
4453.434603
6349.267067
6272.589628
6348.428110
6334.706736
6338.780645
6307.437678
6296.774412
6361.947290
6305.643757
6373.215600
6347.857539
6286.101442
6306.930179
6318.921464
6307.305412
6222.781903
6268.349910
6302.911117
6292.193789
6224.999688
6325.000178
6225.423253
6247.062426
6265.993919
6257.343267
6283.686290
6007.140447
6035.079094
5975.335465
5929.776361
6011.683795
6069.341967
5982.290246
6053.997530
6091.176636
6096.966949
6035.674752
6037.159367
6215.480965
6324.516090
6248.860093
6272.425750
6227.039314
6376.466634
6381.011417
6369.464102
6373.934536
6380.418518
6371.422642
6336.530324
6377.910122
6391.794413
6386.822204
6339.658739
6370.542842
6363.603278
6376.833389
6353.501130
6373.263175
6393.378088
6371.517299
6350.844163
6382.291954
6370.093733
6387.179888
6352.251266
6371.867147
6385.033737
6391.799275
6388.956844
6361.155007
6383.159219
6388.468177
6368.975146
6390.974523
6377.027737
6341.921971
6351.082451
6341.879202
6381.608309
74.054307
70.292703
6390.598784
6391.272462
6368.870354
6386.670484
6392.882812
6390.397058
6378.852425
6339.580917
6383.583624
6380.514150
6347.900510
6371.021595
6335.467586
6365.246730
6371.394977
6361.918457
6354.795437
6355.863474
6333.182554
6330.989148
6363.578824
6347.415993
6369.903298
6358.696981
6350.588616
6350.197467
6376.266126
6326.743823
6351.760010
6343.425350
6337.498111
6316.806870
6260.592504
6341.425940
6267.168462
6381.634529
6283.451441
6297.790549
6336.528601
6293.403539
6346.466300
6351.742011
6284.446210
6323.861784
6186.073749
6211.206719
6350.156851
6144.615843
6353.246256
6352.073571
6352.696171
6106.826675
6135.224355
6345.230236
6209.561118
6128.888922
6345.278099
6258.106942
6323.927384
6355.329121
4518.340955
6324.787380
6367.109254
6350.357589
6360.164583
4523.648107
4523.412874
4531.316076
4553.917483
4568.461430
6384.965266
6382.636395
6375.118467
6385.835950
6385.457511
6378.732444
4508.391042
6390.916625
6377.165732
6377.000710
6388.537041
6354.269017
6392.653727
6380.007719
6381.216437
6388.400614
6390.531888
6385.404014
6344.531130
6349.431107
6337.960857
6384.192867
6388.920331
6309.671522
6384.688659
6377.042081
6381.400374
6372.674489
6338.956055
6356.579636
6352.492115
6376.512201
6383.359974
6385.221107
6363.193293
6364.592993
6388.323847
6378.870471
6391.801294
6382.864525
6393.117885
6383.291245
6392.046662
6388.668939
6386.272858
6384.979205
6392.841378
6386.185678
6391.419686
6393.649442
6391.553641
6391.556412
4464.051652
6385.626815
6394.142123
6393.719348
6389.570816
4466.455757
6379.345104
6383.016191
6380.191896
4470.326626
6278.254801
6394.166806
6392.931493
6387.311093
6391.562792
6392.730546
6393.516905
6391.170827
6383.080634
6391.563340
6385.437236
6383.993008
6389.148322
6388.891656
6393.988023
6393.381213
6381.632294
6390.744230
6377.542655
6392.293390
6392.811838
6379.180490
6386.098971
6393.006863
6388.527134
6393.193940
6386.677384
6391.946437
6385.010747
6384.622993
6380.498301
6392.745207
6388.624210
6393.084096
6392.709739
6389.579872
6343.024911
6389.778100
6389.196238
6389.443302
6384.357220
6382.712039
6393.668952
6303.661415
6357.575144
6391.078601
6343.419781
6351.231810
6391.367500
6380.879206
6388.247657
6387.805706
6387.630396
6384.757631
6362.745584
6393.141967
6380.512452
6316.621562
6245.095817
6315.498132
6391.298994
6243.519705
6212.379166
6301.272266
6304.943046
6385.046352
6254.048541
6239.528410
6255.022988
6272.138119
6305.025142
6285.645810
6258.691392
6321.071098
6392.730662
6300.772820
6263.657766
6310.040861
6382.887244
6390.472268
6308.741847
6320.491172
6387.669417
6311.884889
6392.416265
6225.413093
6324.682528
6313.273305
6354.239875
6373.101694
6388.607006
6386.889988
6389.682462
6389.586457
6383.009564
6393.157392
6390.889219
6377.102539
6389.619250
6380.593324
6390.841106
6387.870548
6386.839107
6393.802282
6390.781618
6378.273396
6393.924810
6390.602513
6393.251968
6384.806438
6386.081657
6382.273501
6384.611048
6387.070039
6392.937499
6391.211489
6383.200913
6390.039834
6390.202329
6390.969049
6179.875323
6393.291526
6385.721165
6393.138748
6380.608994
6318.004287
6136.288225
6290.776483
6255.698553
6167.750367
6351.336433
6381.255993
6383.863427
6389.883199
6392.121015
6393.981951
6392.971751
6391.352105
6392.411533
6382.566773
6381.391526
6391.682371
6385.183841
6393.479322
6383.312855
6383.024523
6393.387182
6390.463769
6388.292775
6390.563895
6386.356738
6380.561425
6262.777471
6392.480531
6393.302770
6390.116641
6387.237068
6300.197054
6351.233745
6181.322659
6205.807848
6384.301223
6287.333626
6389.431473
6388.964413
6389.988769
6382.072045
6389.040314
6393.886626
6105.810194
6368.271140
6147.661256
6381.975296
6393.133199
6389.458822
6390.506666
6393.936470
6380.364016
6392.270502
6382.881010
6384.108378
6388.432579
6310.588145
6384.314658
6387.758024
6392.881558
6391.766815
6392.849715
6381.133837
6389.295447
6380.008734
6394.215517
6378.744854
6387.603430
6388.385088
6392.780108
6391.428950
6388.312999
6392.647956
6393.947696
6378.195718
6382.726455
6386.606786
6392.241118
6382.787064
6387.335336
6380.286533
6336.263919
6388.232935
6382.612363
6392.616451
6378.684878
6390.582383
6386.479064
6392.508372
6382.187308
6382.716525
6393.590696
6390.611403
6348.691691
6386.942523
6381.494314
6382.827126
6393.599791
6381.856763
6378.195900
6389.357568
6377.981911
6392.388039
6340.357145
6377.525153
6390.611413
6386.123116
6387.821188
6388.140035
6389.168207
6385.100786
6380.206510
6385.533180
6392.559373
6320.646987
6382.799430
6310.271157
6380.929397
6379.224245
6382.232771
6380.206488
6321.233937
6317.647136
6293.956512
6341.555255
6388.164851
6385.436150
6383.450406
6389.074667
6390.616311
6381.415587
6394.068675
6379.935214
6328.271095
6387.899625
6382.738265
6387.728814
6377.959002
6276.598305
6380.230691
6385.216452
6380.145149
6386.132950
6383.534765
6392.476092
